
TEXT1
704109497923962617994077106201259682499782371236756421861 73252736891881133379342374681168737696187591712586969635


590101469035048767912507898802059616403033978800674771738 101847195162891150481667411528214681404719171305406478057 191877214164040813230481266632583341493525522812674877572 445415478334882251930832728311137924783044056892738530619

TEXT 2
711627603985962407017289101511040262804971716756260878743 648273454357078184746602387547610419031312369346463036573

466863680164917718742607127329828087551902525321995402848 665994090204029817786708997028855567179089914924039656872